#         t          x          y          z         vx         vy         vz
      0.000    -98.560   -119.990   -127.760    -29.076    177.870     95.347
      0.100   -101.112   -101.808   -117.788    -21.968    185.767    104.090
      0.200   -102.860    -82.825   -106.885    -12.988    193.894    113.981
      0.300   -103.585    -63.031    -94.926     -1.520    201.992    125.191
      0.400   -102.998    -42.455    -81.775     13.265    209.534    137.834
      0.500   -100.715    -21.203    -67.291     32.404    215.499    151.831
      0.600    -96.248      0.475    -51.370     56.932    218.052    166.593
      0.700    -89.044     22.093    -34.016     87.147    214.320    180.486
      0.800    -78.635     42.865    -15.470    121.037    201.104    190.432
      0.900    -64.924     61.797      3.698    153.170    177.551    192.938
      1.000    -48.399     78.053     22.705    177.346    147.563    187.196
      1.100    -29.966     91.292     40.853    191.314    117.212    175.764
      1.200    -10.555    101.672     57.743    196.899     90.402    162.043
      1.300      9.141    109.603     73.259    197.021     68.214    148.273
      1.400     28.692    115.528     87.446    193.991     50.278    135.464
      1.500     47.855    119.833    100.415    189.280     35.819    123.919
      1.600     66.506    122.828    112.293    183.745     24.087    113.633
      1.700     84.587    124.756    123.198    177.872     14.468    104.484
      1.800    102.077    125.804    133.239    171.931      6.496     96.325
      1.900    118.977    126.120    142.506    166.069     -0.184     89.013
      2.000    135.299    125.819    151.078    160.363     -5.838     82.426
      2.100    151.060    124.993    159.022    154.850    -10.667     76.456
      2.200    166.279    123.719    166.395    149.545    -14.825     71.016
      2.300    180.979    122.056    173.248    144.450    -18.432     66.032
      2.400    195.180    120.055    179.622    139.560    -21.580     61.444
      2.500    208.901    117.759    185.554    134.865    -24.344     57.201
      2.600    222.162    115.203    191.077    130.354    -26.783     53.260
      2.700    234.980    112.416    196.219    126.016    -28.943     49.585
      2.800    247.373    109.426    201.006    121.840    -30.865     46.145
      2.900    259.356    106.254    205.459    117.814    -32.579     42.915
      3.000    270.943    102.919    209.598    113.927    -34.113     39.873
      3.100    282.148     99.439    213.442    110.170    -35.488     36.999
      3.200    292.983     95.829    217.006    106.533    -36.724     34.277
      3.300    303.460     92.101    220.304    103.008    -37.835     31.692
      3.400    313.590     88.267    223.350     99.587    -38.836     29.232
      3.500    323.382     84.338    226.156     96.262    -39.737     26.886
      3.600    332.847     80.324    228.733     93.027    -40.550     24.643
      3.700    341.992     76.232    231.090     89.876    -41.281     22.495
      3.800    350.826     72.071    233.236     86.803    -41.940     20.435
      3.900    359.356     67.848    235.181     83.802    -42.532     18.456
      4.000    367.590     63.568    236.931     80.869    -43.062     16.551
      4.100    375.533     59.238    238.494     77.999    -43.537     14.714
      4.200    383.192     54.863    239.877     75.188    -43.960     12.942
      4.300    390.573     50.449    241.086     72.433    -44.336     11.229
      4.400    397.682     45.998    242.126     69.729    -44.667      9.571
      4.500    404.522     41.517    243.002     67.073    -44.957      7.965
      4.600    411.098     37.009    243.721     64.462    -45.209      6.407
      4.700    417.416     32.477    244.286     61.894    -45.425      4.894
      4.800    423.479     27.926    244.702     59.365    -45.607      3.423
      4.900    429.291     23.357    244.973     56.873    -45.757      1.992
      5.000    434.855     18.776    245.102     54.415    -45.877      0.598
      5.100    440.176     14.183    245.094     51.990    -45.969     -0.761
      5.200    445.255      9.583    244.951     49.594    -46.034     -2.087
      5.300    450.096      4.978    244.678     47.226    -46.073     -3.382
      5.400    454.701      0.370    244.277     44.885    -46.087     -4.648
      5.500    459.074     -4.238    243.750     42.567    -46.078     -5.886
      5.600    463.216     -8.845    243.101     40.272    -46.045     -7.098
      5.700    467.129    -13.446    242.332     37.997    -45.991     -8.285
      5.800    470.816    -18.042    241.445     35.741    -45.916     -9.448
      5.900    474.278    -22.628    240.443     33.503    -45.820    -10.590
      6.000    477.518    -27.205    239.328     31.281    -45.704    -11.710
      6.100    480.535    -31.768    238.102     29.073    -45.569    -12.810
      6.200    483.333    -36.317    236.767     26.879    -45.414    -13.892
      6.300    485.912    -40.850    235.325     24.696    -45.240    -14.955
      6.400    488.273    -45.365    233.777     22.524    -45.049    -16.001
      6.500    490.417    -49.859    232.125     20.361    -44.838    -17.031
      6.600    492.345    -54.331    230.371     18.206    -44.610    -18.045
      6.700    494.059    -58.780    228.517     16.057    -44.364    -19.045
      6.800    495.557    -63.203    226.563     13.914    -44.101    -20.031
      6.900    496.842    -67.599    224.511     11.776    -43.819    -21.003
      7.000    497.912    -71.966    222.363      9.640    -43.520    -21.963
      7.100    498.770    -76.302    220.119      7.506    -43.203    -22.910
      7.200    499.414    -80.606    217.782      5.373    -42.868    -23.846
      7.300    499.844    -84.875    215.351      3.240    -42.515    -24.771
      7.400    500.062    -89.108    212.828      1.105    -42.144    -25.685
      7.500    500.065    -93.303    210.214     -1.033    -41.754    -26.590
      7.600    499.855    -97.458    207.510     -3.175    -41.346    -27.485
      7.700    499.430   -101.571    204.718     -5.322    -40.919    -28.371
      7.800    498.790   -105.641    201.837     -7.475    -40.472    -29.248
      7.900    497.935   -109.665    198.869     -9.636    -40.006    -30.117
      8.000    496.863   -113.641    195.814    -11.805    -39.519    -30.978
      8.100    495.573   -117.567    192.673    -13.985    -39.012    -31.831
      8.200    494.065   -121.442    189.448    -16.176    -38.483    -32.677
      8.300    492.337   -125.263    186.138    -18.379    -37.932    -33.517
      8.400    490.388   -129.028    182.745    -20.597    -37.359    -34.349
      8.500    488.217   -132.734    179.269    -22.830    -36.762    -35.176
      8.600    485.822   -136.379    175.710    -25.081    -36.141    -35.996
      8.700    483.200   -139.960    172.070    -27.349    -35.494    -36.810
      8.800    480.351   -143.476    168.348    -29.638    -34.821    -37.619
      8.900    477.271   -146.923    164.546    -31.948    -34.121    -38.423
      9.000    473.960   -150.299    160.664    -34.282    -33.393    -39.221
      9.100    470.414   -153.600    156.702    -36.641    -32.634    -40.014
      9.200    466.630   -156.824    152.662    -39.027    -31.844    -40.802
      9.300    462.607   -159.968    148.542    -41.443    -31.021    -41.585
      9.400    458.340   -163.027    144.345    -43.889    -30.164    -42.363
      9.500    453.827   -165.998    140.070    -46.369    -29.270    -43.137
      9.600    449.065   -168.879    135.718    -48.884    -28.337    -43.905
      9.700    444.048   -171.664    131.289    -51.438    -27.364    -44.669
      9.800    438.775   -174.350    126.784    -54.032    -26.348    -45.428
      9.900    433.240   -176.931    122.204    -56.671    -25.286    -46.182
     10.000    427.438   -179.404    117.548    -59.356    -24.175    -46.930
     10.100    421.366   -181.764    112.818    -62.091    -23.012    -47.673
